Page fault: 4379
Valid Count: 5621
1
18
17
26
9
10
11
12
13
50
51
59
60
61
93
92
98
97
96
95
94
167
166
164
165
137
136
121
122
123
124
125
127
129
128
214
213
224
225
228
227
226
272
271
270
182
106
107
108
109
170
171
172
173
174
218
259
258
257
256
255
254
218
233
232
215
216
283
282
294
295
296
275
274
273
271
272
235
236
237
238
242
241
239
240
306
307
308
209
208
207
206
111
112
113
114
115
116
118
117
123
124
54
53
52
51
50
49
45
49
48
46
47
148
147
129
130
131
132
228
229
294
292
293
387
386
434
435
436
437
438
439
440
344
345
346
347
310
309
307
308
367
366
289
290
291
311
254
251
253
252
210
211
213
212
234
235
236
170
173
172
171
276
277
233
234
235
297
298
299
301
300
198
194
195
196
197
198
199
200
224
225
226
322
321
318
319
320
233
232
207
206
205
252
238
239
240
201
212
211
210
241
242
243
244
245
246
339
340
341
343
342
403
402
401
400
382
383
384
385
386
327
326
325
324
435
436
437
438
439
440
441
442
443
389
390
391
392
418
299
300
301
302
248
249
250
251
252
253
301
300
299
415
296
297
324
422
418
419
420
421
422
437
528
619
620
598
599
652
650
651
765
766
767
768
837
838
839
840
841
842
741
740
628
629
638
637
537
536
533
534
535
470
471
472
473
474
478
475
476
477
591
590
589
588
587
655
653
654
698
807
805
806
901
902
903
904
905
906
899
902
901
900
806
805
889
893
892
891
890
889
962
947
944
945
946
972
971
970
969
968
940
1036
1037
999
998
892
893
895
894
962
963
964
965
966
967
999
1002
1000
1001
972
971
970
928
929
930
931
932
933
934
941
940
992
1047
1048
1049
1050
1051
1052
972
973
974
999
995
998
997
996
1102
1105
1103
1104
1145
1146
1148
1147
1165
1166
1167
1144
1146
1145
1130
1129
1128
1127
1120
1086
989
988
999
1000
1001
1054
1055
1057
1056
992
993
994
995
1021
1022
1023
1024
1025
1026
1027
1028
1030
1029
979
981
980
1000
996
997
998
999
1000
1048
1049
1050
1051
944
945
946
872
870
871
853
854
855
856
857
858
859
860
861
862
759
761
760
884
885
886
887
977
978
942
943
944
945
946
947
948
949
950
951
952
953
1053
993
994
995
953
955
954
1068
1069
1070
1074
1073
1072
1071
1088
1087
972
1024
1025
911
912
880
882
881
780
781
782
785
783
784
773
774
776
775
692
693
609
610
487
488
399
402
400
401
528
529
643
641
642
647
646
645
763
764
649
650
610
609
608
607
604
606
605
599
600
601
604
603
602
544
543
442
557
558
561
560
559
593
592
591
590
546
547
548
622
621
619
620
599
600
604
603
602
601
600
716
719
718
717
813
814
759
758
757
756
755
769
768
683
681
682
757
847
846
917
918
919
920
921
922
984
985
986
987
880
881
994
993
992
1026
1039
1038
1037
920
918
919
988
989
990
991
992
938
939
940
941
1031
1032
1034
1033
989
988
986
987
938
939
940
941
928
927
926
925
991
990
989
988
987
911
953
954
1005
1006
1007
1129
1130
1131
1132
1133
1134
1135
1136
1137
1261
1260
1259
1258
1257
1256
1241
1244
1243
1242
1265
1266
1290
1261
1262
1263
1264
1265
1269
1268
1267
1189
1190
1191
1192
1105
1174
1175
1140
1139
1138
1260
1259
1327
1328
1329
1330
1208
1209
1287
1286
1196
1138
1137
1136
1135
1134
1133
1132
1163
1164
1165
1166
1167
1168
1078
1077
972
971
970
968
969
941
814
758
673
672
671
670
669
667
668
795
794
767
766
765
764
842
843
844
836
835
834
776
775
663
662
614
616
615
553
554
556
555
629
631
630
544
543
542
541
538
539
540
534
533
532
531
611
706
705
701
702
703
704
705
706
707
831
829
830
772
773
774
672
671
670
669
713
712
711
710
629
535
536
537
538
541
540
539
664
667
665
666
699
698
632
633
634
556
555
554
553
549
550
551
552
553
554
555
556
557
567
568
570
569
692
693
694
816
817
818
819
820
821
822
823
824
852
853
854
855
856
981
982
984
983
917
918
919
921
920
951
844
774
771
767
768
769
771
770
775
776
779
778
777
657
661
660
659
658
569
570
572
571
599
659
740
739
848
849
850
851
852
808
807
667
668
642
641
640
639
637
638
648
698
696
697
712
684
685
686
687
688
689
690
692
691
729
730
731
732
659
657
658
545
544
543
601
597
598
599
600
601
602
603
561
562
563
564
470
471
362
361
360
253
254
255
256
257
258
187
188
189
190
191
192
193
194
195
198
196
197
126
127
13
14
132
136
135
134
130
131
132
133
134
152
153
154
155
266
267
268
348
346
347
475
476
477
478
479
480
390
389
311
312
313
418
415
416
417
285
286
290
289
288
287
285
286
243
242
241
240
239
345
344
459
458
395
396
397
398
399
400
301
371
388
389
390
435
436
437
438
439
440
441
490
489
488
487
486
485
484
515
519
518
517
515
516
428
399
397
398
270
271
274
273
272
205
206
126
127
133
132
146
147
148
149
152
150
151
80
81
82
46
45
44
18
19
29
28
27
46
47
48
142
143
144
145
146
147
148
149
100
98
99
179
180
181
182
118
102
101
220
143
145
144
81
80
79
78
35
36
116
117
153
154
155
156
157
158
160
159
205
206
207
253
249
252
251
250
313
314
315
316
252
253
326
327
328
329
330
269
270
271
272
273
274
145
144
143
164
163
162
158
159
160
164
160
161
162
163
164
277
276
395
397
396
463
467
466
463
464
465
523
522
521
520
467
468
472
471
470
469
376
375
374
373
372
393
392
327
328
329
380
379
477
476
585
586
587
588
447
448
449
450
451
489
490
524
523
522
571
513
514
516
515
404
405
406
408
407
388
389
390
391
392
393
394
395
396
329
328
327
326
325
324
323
322
321
320
448
449
450
451
424
426
425
437
435
436
519
518
517
516
514
515
540
539
538
670
671
672
761
762
683
686
685
684
729
728
726
727
730
729
845
941
940
938
939
906
907
908
813
812
810
811
882
881
880
768
769
770
772
771
710
711
712
850
851
852
853
854
991
992
995
994
993
1046
1107
1108
1109
1110
1111
1112
1113
1114
1058
1059
1060
1061
1062
1063
1064
1065
1069
1068
1067
1066
1065
1011
1012
1014
1013
898
897
896
895
894
796
728
729
730
731
719
803
810
809
703
704
722
721
720
710
711
713
712
701
702
703
627
628
599
600
604
603
602
601
600
599
598
597
596
595
648
645
646
647
531
530
529
552
551
550
547
549
548
426
427
530
529
657
656
565
561
562
563
565
564
443
442
441
440
439
437
438
431
430
429
428
427
426
423
424
425
417
416
511
512
513
444
317
316
315
314
311
312
313
204
206
205
69
70
71
72
74
73
130
129
128
127
126
125
56
57
58
45
44
43
114
115
116
117
118
119
20
19
148
149
150
91
103
105
104
92
91
90
89
85
86
87
88
204
203
238
239
240
242
241
113
114
14
15
16
17
18
20
19
118
117
116
113
114
115
251
250
165
166
167
169
168
186
187
188
192
189
191
190
250
251
252
254
253
244
248
245
246
247
315
314
310
311
315
314
313
312
311
310
243
280
146
144
145
205
206
207
208
293
292
291
290
271
270
269
291
292
293
361
360
359
227
228
229
230
232
231
148
149
153
152
151
150
149
19
20
21
22
110
111
112
113
221
220
217
219
218
349
350
351
352
353
223
224
225
228
227
226
341
307
308
311
309
310
204
203
202
200
201
215
216
217
218
293
296
294
295
179
178
150
151
144
141
142
143
10
11
116
117
118
119
120
144
143
142
141
140
138
139
257
258
147
146
145
144
143
142
140
141
118
66
65
64
63
62
61
60
59
84
82
83
80
79
78
77
114
116
115
6
7
8
10
9
88
89
90
91
224
181
182
183
184
185
187
186
273
272
271
330
229
230
231
190
191
192
319
320
321
322
323
412
411
396
395
392
393
394
422
423
532
533
534
535
536
537
532
531
650
654
653
651
652
686
687
688
689
655
656
593
592
591
689
690
691
692
693
694
723
724
726
725
639
640
559
558
557
556
555
500
501
502
506
505
504
503
502
585
622
623
766
763
764
765
907
947
944
945
946
797
798
799
800
711
712
713
799
798
908
909
910
1017
1018
1127
1128
1033
1034
1035
1167
1166
1269
1271
1270
1410
1411
1468
1467
1466
1465
1464
1346
1347
1408
1409
1410
1492
1493
1362
1361
1327
1328
1349
1348
1271
1379
1404
1403
1402
1502
1501
1500
1498
1499
1559
1558
1679
1680
1681
1682
1683
1684
1685
1785
1786
1787
1788
1789
1790
1791
1792
1793
1794
1796
1795
1924
1925
1926
1927
1835
1833
1834
1809
1865
1973
1974
1947
1946
1945
1944
1956
1957
1958
2035
2036
2037
2038
2039
2040
2041
2042
2043
2044
2045
2046
2047
2048
2173
2088
2089
2054
2055
2056
2057
2058
2059
1952
1951
1950
1949
2005
2006
2007
2120
2119
2118
2230
2231
2131
2130
2129
2128
2093
2092
2091
1945
1950
1808
1807
1806
1805
1829
1828
1827
1969
1973
1972
1971
1970
1866
1867
1876
1877
1959
1958
1949
1950
1951
1952
1882
1881
1812
1720
1721
1722
1842
1894
1893
1892
1891
1810
1811
1812
1814
1813
1852
1853
1704
1702
1703
1682
1683
1684
1686
1685
1711
1573
1574
1575
1576
1650
1651
1652
1529
1530
1645
1646
1647
1704
1702
1703
1772
1852
1924
1794
1790
1791
1792
1793
1794
1654
1655
1656
1657
1658
1659
1660
1661
1662
1663
1665
1664
1544
1543
1542
1539
1540
1541
1675
1674
1769
1631
1633
1632
1761
1762
1763
1764
1765
1766
1767
1874
1873
1872
1933
1932
1931
1930
1929
2026
2025
2024
2023
1935
1941
1940
1938
1939
1966
1814
1815
1816
1834
1835
1836
1837
1838
1839
1840
1841
1842
1845
1844
1843
1918
1919
1920
1921
1922
1923
1924
1857
1858
1859
1860
1863
1861
1862
1798
1799
1800
1801
1802
1803
1804
1806
1805
1677
1678
1680
1679
1787
1788
1789
1790
1791
1792
1793
1794
1795
1796
1797
1798
1691
1690
1689
1834
1835
1885
1886
1887
1888
1996
1995
2049
2048
2047
2074
2075
2028
2024
2025
2026
2027
1903
1907
1906
1902
1903
1904
1905
1967
1968
2074
2075
2076
2077
2078
2120
2121
2122
2156
2155
2194
2193
2192
2134
2094
2093
2092
2091
2090
2089
2088
2210
2209
2208
2207
2251
2252
2253
2314
2190
2191
2192
2081
2082
2133
2132
2131
2278
2319
2320
2321
2268
2267
2266
2161
2160
2159
2298
2431
2432
2433
2434
2435
2301
2300
2299
2298
2297
2373
2374
2375
2376
2348
2347
2346
2345
2344
2343
2342
2341
2340
2210
2211
2212
2213
2214
2215
2217
2216
2080
2081
2082
2083
2084
2228
2229
2230
2231
2232
2233
2234
2235
2225
2226
2227
2228
2229
2154
2156
2155
2192
2193
2196
2195
2194
2107
2108
2110
2109
1975
1974
1972
1973
1882
1883
1884
1885
1798
1799
1800
1801
1803
1802
1719
1764
1808
1807
1806
1805
1848
1849
1806
1807
1809
1808
1852
1853
1854
1785
1786
1788
1787
1870
1869
1868
1867
1748
1764
1765
1766
1767
1769
1768
1623
1622
1621
1687
1689
1688
1749
1750
1751
1752
1753
1754
1755
1757
1756
1843
1844
1845
1877
1876
1875
1752
1753
1625
1624
1623
1658
1659
1780
1799
1798
1903
1867
1868
1988
1879
1880
1881
1882
1884
1883
2024
2025
2026
1929
1930
1931
1782
1783
1784
1695
1691
1692
1693
1694
1695
1696
1713
1712
1710
1711
1590
1591
1515
1514
1613
1614
1519
1403
1404
1405
1406
1408
1407
1378
1379
1380
1382
1381
1454
1453
1414
1469
1470
1471
1404
1326
1327
1328
1330
1329
1302
1301
1300
1299
1298
1321
1322
1324
1323
1338
1333
1334
1337
1335
1336
1200
1201
1202
1203
1204
1205
1206
1207
1208
1209
1340
1228
1227
1355
1356
1267
1268
1393
1389
1390
1391
1392
1393
1394
1395
1396
1398
1397
1346
1347
1349
1348
1251
1110
1111
1054
1055
1056
1057
1058
1059
1060
1197
1198
1199
1200
1201
1202
1203
1055
1054
1053
960
961
962
1010
1011
1012
1013
973
974
975
976
979
978
977
1068
1067
1154
1161
1160
1293
1291
1292
1236
1237
1238
1284
1285
1286
1287
1288
1289
1221
1222
1223
1224
1196
1197
1198
1214
1215
1216
1218
1217
1296
1297
1298
1301
1299
1300
1190
1192
1191
1182
1183
1186
1185
1184
1157
1156
1155
1220
1221
1222
1223
1224
1225
1076
1077
1078
1083
1084
1085
1086
1088
1087
1203
1202
1090
1092
1091
1117
1116
1163
1162
1160
1161
1149
1148
1125
1126
1271
1272
1154
1155
1158
1157
1156
1158
1162
1161
1160
1159
1186
1187
1192
1193
1194
1195
1196
1197
1198
1199
1201
1200
1259
1260
1371
1369
1370
1455
1515
1516
1518
1517
1422
1421
1368
1367
1366
1365
1386
1387
1388
1389
1390
1391
1394
1393
1392
1464
1396
1394
1395
1525
1524
1523
1661
1662
1663
1775
1776
1777
1778
1779
1780
1782
1781
1715
1714
1713
1733
1595
1596
1597
1598
1599
1525
1524
1668
1669
1670
1671
1672
1673
1567
1515
1467
1468
1469
1470
1471
1472
1458
1459
1460
1496
1495
1494
1493
1432
1433
1434
1541
1567
1566
1562
1563
1564
1565
1566
1613
1612
1611
1662
1663
1664
1666
1665
1796
1797
1782
1783
1784
1712
1711
1710
1709
1582
1539
1538
1590
1589
1588
1587
1586
1604
1602
1603
1637
1638
1639
1640
1641
1642
1643
1644
1625
1626
1627
1630
1629
1628
1712
1713
1721
1722
1613
1614
1615
1616
1608
1606
1607
1630
1631
1632
1633
1760
1688
1811
1810
1809
1808
1945
1946
1947
1948
2087
2088
2089
2090
2091
2092
1993
1994
1902
1903
1904
2044
2045
2047
2046
2138
2139
2140
2141
2082
2083
2084
2085
2086
2099
2100
2101
2102
2104
2103
2012
2011
2010
2058
2059
2031
2032
2033
2035
2034
2006
2007
2008
2009
2010
2012
2011
2016
2012
2013
2014
2015
1937
2000
1999
1865
1777
1776
1775
1868
1869
1870
1871
1872
1873
1874
1875
1835
1836
1837
1838
1839
1840
1841
1705
1789
1872
1873
1874
1875
1876
1877
1878
1879
1880
1881
1882
1891
1742
1743
1740
1739
1738
1736
1737
1832
1777
1778
1855
1856
1963
1962
1961
1960
1959
1958
1957
1955
1956
2037
2033
2034
2035
2036
2037
2038
2039
2040
2041
2042
1971
1904
1903
1902
1808
1810
1809
1925
1926
1776
1777
1778
1780
1779
1697
1699
1698
1727
1729
1728
1773
1772
1776
1777
1781
1780
1779
1777
1778
1763
1762
1637
1638
1706
1709
1708
1707
1663
1666
1664
1665
1730
1731
1732
1733
1671
1668
1670
1669
1684
1685
1686
1687
1688
1689
1825
1826
1730
1731
1732
1733
1707
1706
1704
1705
1657
1656
1577
1578
1507
1508
1509
1510
1511
1512
1513
1628
1627
1626
1625
1476
1477
1478
1480
1479
1497
1496
1495
1505
1504
1503
1502
1501
1500
1499
1536
1594
1595
1538
1540
1539
1680
1681
1764
1822
1895
1898
1897
1896
1791
1895
1894
1790
1788
1789
1838
1839
1831
1832
1833
1834
1955
1835
1836
1837
1838
1839
1840
1841
1842
1822
1791
1793
1792
1700
1701
1702
1600
1601
1602
1603
1605
1606
1607
1467
1468
1469
1470
1471
1472
1473
1474
1475
1476
1477
1479
1478
1590
1591
1452
1451
1544
1545
1546
1547
1548
1549
1556
1557
1558
1559
1560
1561
1563
1562
1599
1598
1597
1742
1693
1694
1695
1696
1697
1698
1645
1714
1635
1636
1637
1638
1639
1640
1713
1714
1715
1575
1576
1577
1439
1440
1441
1442
1443
1309
1312
1310
1311
1348
1347
1346
1345
1452
1409
1408
1407
1406
1405
1402
1403
1404
1541
1542
1543
1580
1581
1644
1645
1646
1710
1711
1712
1716
1713
1714
1715
1702
1703
1790
1789
1786
1787
1788
1674
1675
1676
1580
1581
1564
1563
1685
1686
1687
1688
1752
1753
1754
1755
1756
1757
1758
1759
1760
1761
1762
1690
1593
1594
1484
1483
1528
1527
1482
1481
1433
1434
1435
1438
1436
1437
1445
1446
1447
1448
1449
1450
1460
1462
1461
1521
1658
1657
1656
1655
1654
1653
1652
1651
1650
1584
1581
1582
1583
1554
1555
1636
1637
1638
1639
1640
1641
1642
1643
1644
1645
1646
1647
1776
1777
1778
1779
1785
1783
1784
1878
1881
1879
1880
1956
1955
1954
1976
1974
1975
2115
2116
2117
2118
2119
2120
2006
2007
2008
2009
1925
1926
1927
1972
1970
1971
2103
2104
2105
2106
2107
2109
2108
1993
1995
1994
2037
2040
2039
2038
2025
2026
2027
2028
1993
1994
1995
2114
2113
2127
2129
2128
2249
2248
2247
2357
2356
2355
2466
2467
2468
2469
2470
2471
2410
2406
2407
2408
2409
2410
2381
2383
2382
2242
2243
2244
2337
2336
2454
2455
2457
2456
2326
2327
2328
2284
2283
2412
2413
2414
2275
2276
2277
2278
2279
2189
2190
2248
2250
2249
2100
2101
2177
2176
2175
2061
2060
2048
2047
2046
2105
2104
2019
2017
2018
1917
1918
1919
1920
1921
1922
1923
1924
1925
1926
1911
1912
1859
1858
1872
1871
1870
1941
1942
1943
1944
1945
1946
1947
1940
1939
1937
1938
1893
1946
1945
2010
2011
2012
2013
1929
1928
1787
1786
1785
1784
1818
1817
1816
1815
1814
1813
1855
1859
1856
1857
1858
1754
1753
1659
1660
1661
1662
1611
1610
1609
1608
1700
1701
1702
1703
1704
1678
1698
1699
1620
1622
1621
1488
1497
1519
1391
1392
1393
1394
1279
1278
1390
1388
1389
1317
1315
1316
1436
1434
1435
1295
1294
1293
1292
1231
1304
1305
1306
1307
1308
1309
1310
1312
1311
1222
1223
1224
1225
1173
1174
1175
1176
1177
1178
1179
1248
1249
1250
1251
1390
1391
1392
1393
1439
1440
1441
1447
1448
1449
1354
1355
1356
1357
1467
1468
1469
1470
1471
1389
1390
1394
1393
1389
1390
1391
1392
1393
1394
1398
1397
1396
1395
1394
1393
1392
1510
1513
1512
1511
1500
1499
1498
1424
1425
1426
1501
1502
1503
1504
1505
1627
1680
1681
1684
1682
1683
1687
1689
1688
1575
1576
1577
1475
1474
1473
1470
1472
1471
1498
1497
1378
1379
1373
1372
1371
1370
1226
1227
1228
1229
1230
1364
1248
1249
1322
1321
1404
1405
1406
1407
1542
1543
1544
1658
1657
1799
1800
1801
1948
1808
1863
1862
1850
1722
1592
1713
1714
1775
1777
1776
1667
1624
1625
1626
1627
1767
1768
1812
1813
1695
1696
1697
1698
1699
1839
1840
1869
1918
1919
1785
1786
1897
1898
1899
1900
1901
1915
1914
1913
1984
1983
2073
2072
2152
2155
2153
2154
2159
2161
2160
2178
2179
2180
2181
2182
2290
2279
2280
2281
2283
2282
2398
2395
2396
2397
2457
2309
2308
2307
2303
2304
2305
2306
2307
2308
2309
2210
2209
2205
2206
2207
2208
2209
2210
2304
2303
2302
2301
2300
2299
2259
2257
2258
2130
2134
2133
2132
2131
2130
2129
2128
2115
2117
2116
2208
2207
2321
2322
2401
2312
2311
2310
2309
2308
2306
2307
2190
2191
2192
2330
2329
2325
2326
2329
2328
2327
2342
2343
2344
2345
2347
2346
2353
2354
2355
2357
2356
2461
2462
2463
2573
2574
2575
2576
2577
2578
2579
2580
2581
2582
2583
2584
2542
2544
2543
2649
2546
2547
2551
2550
2549
2548
2547
2543
2544
2545
2546
2481
2363
2364
2365
2366
2367
2368
2325
2326
2327
2328
2330
2329
2312
2314
2313
2352
2353
2354
2454
2455
2456
2457
2363
2364
2365
2310
2309
2228
2227
2346
2347
2348
2349
2291
2289
2288
2287
2290
2291
2292
2293
2348
2349
2327
2326
2325
2322
2323
2324
2241
2240
2239
2238
2093
2094
2095
2096
1937
1935
1936
1874
1907
1908
1904
1906
1905
1824
1820
1821
1822
1823
1682
1787
1788
1670
1671
1672
1551
1552
1553
1554
1555
1556
1534
1498
1499
1500
1501
1502
1359
1503
1504
1421
1422
1426
1425
1421
1422
1423
1424
1425
1426
1268
1221
1222
1223
1224
1225
1226
1227
1228
1229
1230
1231
1235
1234
1233
1232
1231
1230
1126
1125
1124
1123
1122
1121
1120
1082
1083
952
953
954
955
956
957
958
1060
1059
1058
1057
1056
1055
1054
945
944
943
912
913
873
988
989
990
940
939
938
937
970
971
972
973
974
975
976
977
965
964
963
962
961
960
959
886
885
747
748
774
778
775
776
777
715
717
716
567
565
566
596
597
598
599
600
601
514
513
512
372
373
374
451
452
453
454
511
515
514
513
512
511
510
372
491
492
493
494
481
482
483
440
439
438
338
337
336
335
279
280
370
371
432
433
355
353
354
316
317
318
187
188
189
190
191
192
193
69
70
74
73
71
72
112
113
7
8
9
10
11
82
83
165
168
167
166
221
217
218
219
220
221
222
223
224
225
226
282
283
284
216
215
214
66
67
68
69
70
149
150
151
16
17
18
126
125
168
169
170
171
182
183
279
280
281
282
367
365
366
399
398
397
293
294
295
227
245
248
247
246
288
289
349
350
351
352
356
355
354
353
201
204
203
202
100
99
98
97
96
191
126
127
129
128
30
29
85
182
183
184
185
186
94
95
96
97
166
165
164
163
161
162
76
77
78
59
58
57
56
169
171
170
233
235
234
245
246
336
334
335
236
235
313
312
311
308
309
310
407
408
409
322
320
321
218
219
220
221
366
428
427
425
426
491
490
635
636
652
653
654
655
524
525
527
526
681
680
802
891
892
838
839
840
841
842
901
902
903
904
861
862
863
864
847
844
846
845
905
906
907
908
858
854
855
856
857
858
859
790
915
838
948
947
946
1074
1075
1076
1077
1153
1154
1155
1227
1225
1226
1129
1128
1127
991
992
993
994
995
996
997
999
998
911
912
924
923
922
921
796
793
795
794
720
836
835
834
833
832
811
812
813
744
742
743
767
692
691
690
733
732
837
838
839
863
864
865
867
866
909
910
911
912
770
771
772
773
774
775
777
776
704
705
835
836
837
810
807
809
808
764
763
850
851
852
853
783
782
814
813
812
741
776
775
884
920
916
917
918
919
920
921
922
923
924
891
892
893
856
857
912
913
827
825
826
922
921
817
818
812
811
810
719
720
721
722
723
724
881
907
906
905
904
903
757
758
761
759
760
903
904
933
932
854
855
856
857
858
859
860
861
801
805
806
807
808
809
810
811
812
785
786
688
687
686
685
684
683
840
841
842
843
844
845
846
847
712
711
710
697
698
699
700
701
702
638
639
640
641
642
482
483
534
533
532
384
385
317
318
319
320
321
322
323
376
377
378
379
380
381
382
438
439
440
358
359
482
470
471
354
247
246
201
202
203
204
205
206
231
230
229
228
227
187
128
50
51
52
126
127
128
129
130
131
132
14
107
108
109
110
111
113
112
202
203
234
302
303
411
412
424
425
426
427
428
429
431
430
578
579
580
581
582
583
584
585
586
587
589
588
673
674
675
676
680
679
676
677
678
537
536
378
377
376
402
403
405
404
338
339
340
341
494
548
549
550
551
613
716
616
615
614
